/Users/enyephy/.local/share/mamba/envs/a/lib/python3.12/site-packages/torchvision/io/image.py:14: UserWarning: Failed to load image Python extension: 'dlopen(/Users/enyephy/.local/share/mamba/envs/a/lib/python3.12/site-packages/torchvision/image.so, 0x0006): Library not loaded: @rpath/libjpeg.9.dylib
  Referenced from: <367D4265-B20F-34BD-94EB-4F3EE47C385B> /Users/enyephy/.local/share/mamba/envs/a/lib/python3.12/site-packages/torchvision/image.so
  Reason: tried: '/Users/enyephy/.local/share/mamba/envs/a/lib/python3.12/site-packages/torchvision/../../../libjpeg.9.dylib' (no such file), '/Users/enyephy/.local/share/mamba/envs/a/lib/python3.12/site-packages/torchvision/../../../libjpeg.9.dylib' (no such file), '/Users/enyephy/.local/share/mamba/envs/a/lib/python3.12/lib-dynload/../../libjpeg.9.dylib' (no such file), '/Users/enyephy/.local/share/mamba/envs/a/bin/../lib/libjpeg.9.dylib' (no such file)'If you don't plan on using image functionality from `torchvision.io`, you can ignore this warning. Otherwise, there might be something wrong with your environment. Did you have `libjpeg` or `libpng` installed before building `torchvision` from source?
  warn(
>>>DATA
28 28 0.0 0.1319500207901001
 0.0 0.0 0.0 0.0 0.0 0.0 0.0 0.0 0.0 0.0 0.0 0.0 0.0 0.0 0.0 0.0 0.0 0.0 0.0 0.0 0.0 0.0 0.0 0.0 0.0 0.0 0.0 0.0
 0.0 0.0 0.0 0.0 0.0 0.0 0.0 0.0 0.0 0.0 0.0 0.0 0.0 0.0 0.0 0.0 0.0 0.0 0.0 0.0 0.0 0.0 0.0 0.0 0.0 0.0 0.0 0.0
 0.0 0.0 0.0 0.0 0.0 0.0 0.0 0.0 0.0 0.0 0.0 0.0 0.0 0.0 0.0 0.0 0.0 0.0 0.0 0.0 0.0 0.0 0.0 0.0 0.0 0.0 0.0 0.0
 0.0 0.0 0.0 0.0 0.0 0.0 0.0 0.0 0.0 0.0 0.0 0.0 0.0 0.0 0.0 0.0 0.0 0.0 0.0 0.0 0.0 0.0 0.0 0.0 0.0 0.0 0.0 0.0
 0.0 0.0 0.0 0.0 0.0 0.0 0.0 0.0 0.0 0.0 0.0 0.0 0.0 0.0 0.0 0.0 0.0 0.0 0.0 0.0 0.0 0.0 0.0 0.0 0.0 0.0 0.0 0.0
 0.0 0.0 0.0 0.0 0.0 0.0 0.0 0.0 0.3897637724876404 1.0 1.0 1.0 1.0 0.8543307185173035 0.4645669162273407 0.16141733527183533 0.0 0.0 0.0 0.0 0.0 0.0 0.0 0.0 0.0 0.0 0.0 0.0
 0.0 0.0 0.0 0.0 0.0 0.0 0.0 0.7007874250411987 0.9724408984184265 0.9960629940032959 0.9960629940032959 0.9960629940032959 0.9960629940032959 0.9960629940032959 0.9960629940032959 0.5511811375617981 0.0 0.0 0.0 0.0 0.0 0.0 0.0 0.0 0.0 0.0 0.0 0.0
 0.0 0.0 0.0 0.0 0.0 0.0 0.25196853280067444 0.9606298804283142 0.9960629940032959 0.8188976049423218 0.6968504190444946 0.6968504190444946 0.21653543412685394 0.3897637724876404 0.9960629940032959 0.9803149104118347 0.36220473051071167 0.0 0.0 0.0 0.0 0.0 0.0 0.0 0.0 0.0 0.0 0.0
 0.0 0.0 0.0 0.0 0.0 0.0 0.07480315119028091 0.6496063470840454 0.7047244310379028 0.09842519462108612 0.0 0.0 0.0 0.27165356278419495 0.9960629940032959 0.9960629940032959 0.4291338622570038 0.0 0.0 0.0 0.0 0.0 0.0 0.0 0.0 0.0 0.0 0.0
 0.0 0.0 0.0 0.0 0.0 0.0 0.0 0.0 0.0 0.0 0.0 0.0 0.0 0.27165356278419495 0.9960629940032959 0.9803149104118347 0.374015748500824 0.0 0.0 0.0 0.0 0.0 0.0 0.0 0.0 0.0 0.0 0.0
 0.0 0.0 0.0 0.0 0.0 0.0 0.0 0.0 0.0 0.0 0.0 0.0 0.05118109658360481 0.6023622155189514 0.9960629940032959 0.5629921555519104 0.0 0.0 0.0 0.0 0.0 0.0 0.0 0.0 0.0 0.0 0.0 0.0
 0.0 0.0 0.0 0.0 0.0 0.0 0.0 0.0 0.0 0.0 0.0 0.22440943121910095 0.9448819160461426 0.9960629940032959 0.9960629940032959 0.35039371252059937 0.0 0.0 0.0 0.0 0.0 0.0 0.0 0.0 0.0 0.0 0.0 0.0
 0.0 0.0 0.0 0.0 0.0 0.0 0.0 0.0 0.0 0.023622047156095505 0.437007874250412 0.9724408984184265 0.9960629940032959 0.9960629940032959 0.8937007784843445 0.16141733527183533 0.0 0.0 0.0 0.0 0.0 0.0 0.0 0.0 0.0 0.0 0.0 0.0
 0.0 0.0 0.0 0.0 0.0 0.0 0.0 0.0 0.12204723805189133 0.8976377844810486 0.9960629940032959 0.9960629940032959 0.9960629940032959 0.9960629940032959 0.9960629940032959 0.8700787425041199 0.34645670652389526 0.0 0.0 0.0 0.0 0.0 0.0 0.0 0.0 0.0 0.0 0.0
 0.0 0.0 0.0 0.0 0.0 0.0 0.0 0.0 0.13779528439044952 0.9960629940032959 0.9960629940032959 0.9960629940032959 0.9960629940032959 0.9960629940032959 0.9960629940032959 0.9960629940032959 0.9921259880065918 0.8110235929489136 0.18897637724876404 0.0 0.0 0.0 0.0 0.0 0.0 0.0 0.0 0.0
 0.0 0.0 0.0 0.0 0.0 0.0 0.0 0.0 0.11023621261119843 0.8070866465568542 0.8070866465568542 0.8070866465568542 0.32283467054367065 0.26771655678749084 0.26771655678749084 0.7401574850082397 0.9960629940032959 0.9960629940032959 0.8897638320922852 0.20078741014003754 0.0 0.0 0.0 0.0 0.0 0.0 0.0 0.0
 0.0 0.0 0.0 0.0 0.0 0.0 0.0 0.0 0.0 0.0 0.0 0.0 0.0 0.0 0.0 0.22834645211696625 0.6574802994728088 0.9960629940032959 0.9960629940032959 0.8818897008895874 0.14173229038715363 0.0 0.0 0.0 0.0 0.0 0.0 0.0
 0.0 0.0 0.0 0.0 0.0 0.0 0.0 0.0 0.0 0.0 0.0 0.0 0.0 0.0 0.0 0.0 0.011811023578047752 0.6929134130477905 0.9960629940032959 0.9960629940032959 0.22834645211696625 0.0 0.0 0.0 0.0 0.0 0.0 0.0
 0.0 0.0 0.0 0.0 0.0 0.0 0.0 0.0 0.0 0.0 0.0 0.0 0.0 0.0 0.0 0.0 0.0 0.0 0.6811023950576782 0.9960629940032959 0.8700787425041199 0.14566929638385773 0.0 0.0 0.0 0.0 0.0 0.0
 0.0 0.0 0.0 0.0 0.0 0.0 0.0 0.0 0.0 0.0 0.0 0.0 0.0 0.0 0.0 0.0 0.0 0.0 0.4094488024711609 0.9960629940032959 0.9960629940032959 0.29527559876441956 0.0 0.0 0.0 0.0 0.0 0.0
 0.0 0.0 0.0 0.0 0.0 0.0 0.0 0.0 0.0 0.0 0.0 0.0 0.0 0.0 0.0 0.0 0.0 0.16141733527183533 0.8937007784843445 0.9960629940032959 0.9960629940032959 0.29527559876441956 0.0 0.0 0.0 0.0 0.0 0.0
 0.0 0.0 0.0 0.0 0.0 0.0 0.0 0.0 0.0 0.0 0.0 0.0 0.0 0.0 0.04724409431219101 0.24803148210048676 0.5511811375617981 0.8897638320922852 0.9960629940032959 0.9960629940032959 0.9370079040527344 0.22440943121910095 0.0 0.0 0.0 0.0 0.0 0.0
 0.0 0.0 0.0 0.0 0.0 0.0 0.0 0.0 0.0 0.0 0.0 0.16141733527183533 0.16535432636737823 0.6023622155189514 0.7598425149917603 0.9960629940032959 0.9960629940032959 0.9960629940032959 0.9960629940032959 0.8543307185173035 0.3385826647281647 0.0 0.0 0.0 0.0 0.0 0.0 0.0
 0.0 0.0 0.0 0.0 0.0 0.0 0.0 0.0 0.011811023578047752 0.11417322605848312 0.6220473051071167 0.9881889820098877 0.9960629940032959 0.9960629940032959 0.9960629940032959 0.9960629940032959 0.9960629940032959 0.913385808467865 0.4015747606754303 0.05118109658360481 0.0 0.0 0.0 0.0 0.0 0.0 0.0 0.0
 0.0 0.0 0.0 0.0 0.0 0.0 0.0 0.0 0.06299213320016861 0.4566928744316101 0.7322835326194763 0.9960629940032959 0.9960629940032959 0.9960629940032959 0.8937007784843445 0.4566928744316101 0.4448818564414978 0.0 0.0 0.0 0.0 0.0 0.0 0.0 0.0 0.0 0.0 0.0
 0.0 0.0 0.0 0.0 0.0 0.0 0.0 0.0 0.0 0.0 0.0 0.0 0.0 0.0 0.0 0.0 0.0 0.0 0.0 0.0 0.0 0.0 0.0 0.0 0.0 0.0 0.0 0.0
 0.0 0.0 0.0 0.0 0.0 0.0 0.0 0.0 0.0 0.0 0.0 0.0 0.0 0.0 0.0 0.0 0.0 0.0 0.0 0.0 0.0 0.0 0.0 0.0 0.0 0.0 0.0 0.0
 0.0 0.0 0.0 0.0 0.0 0.0 0.0 0.0 0.0 0.0 0.0 0.0 0.0 0.0 0.0 0.0 0.0 0.0 0.0 0.0 0.0 0.0 0.0 0.0 0.0 0.0 0.0 0.0

>>>DATA
16 16 0.0 0.2749815583229065
 0.2521740794181824 0.1892947256565094 0.405871719121933 0.5881195068359375 0.2571539282798767 0.42798417806625366 0.2040853500366211 0.41889771819114685 0.30695462226867676 0.20061179995536804 0.4259736239910126 0.17028401792049408 0.35816240310668945 0.17563551664352417 0.24653473496437073 0.5422496199607849
 0.3362257480621338 0.2175995260477066 0.18244138360023499 0.27521637082099915 0.43026795983314514 0.5244185924530029 0.18245206773281097 0.2271813303232193 0.3518540859222412 0.11168184131383896 0.047995083034038544 0.2419004887342453 0.5493195056915283 0.08164998143911362 0.3902806043624878 0.45583072304725647
 0.19376090168952942 0.21354655921459198 0.28708237409591675 0.31497886776924133 0.4294049143791199 0.2853221595287323 0.07027074694633484 0.4334760904312134 0.1530916392803192 0.22964178025722504 0.28170129656791687 0.3447035253047943 0.22184208035469055 0.12251480668783188 0.12216392159461975 0.18438491225242615
 0.11394601315259933 0.272359699010849 0.12412972748279572 0.5916374921798706 0.30614539980888367 0.30004099011421204 0.12607623636722565 0.40737688541412354 0.2439117282629013 0.3717513680458069 0.35581859946250916 0.24057362973690033 0.20757366716861725 0.34828269481658936 0.37156346440315247 0.5648795366287231
 0.13777600228786469 0.2243313193321228 0.12626409530639648 0.3369896411895752 0.33243513107299805 0.36927518248558044 0.26124823093414307 0.22450026869773865 0.07771992683410645 0.6132875084877014 0.23166127502918243 0.16977818310260773 0.27217063307762146 0.3210107684135437 0.18816734850406647 0.30817216634750366
 0.36572253704071045 0.13660572469234467 0.24896402657032013 0.23770108819007874 0.4493664503097534 0.22937920689582825 0.015053758397698402 0.20349453389644623 0.13421574234962463 0.6678118109703064 0.25981786847114563 0.20145583152770996 0.2876094877719879 0.11576518416404724 0.4961998462677002 0.100531667470932
 0.23905593156814575 0.2924290597438812 0.282721608877182 0.288875013589859 0.39888259768486023 0.279676228761673 0.4460979700088501 0.35882851481437683 0.20065297186374664 0.12898416817188263 0.35997259616851807 0.15391768515110016 0.1590575873851776 0.49348533153533936 0.31827473640441895 0.43152692914009094
 0.33536961674690247 0.3182273805141449 0.4834996163845062 0.23697179555892944 0.315241277217865 1.0 0.3849963843822479 0.12526193261146545 0.17765194177627563 0.2756527364253998 0.18355195224285126 0.2926129102706909 0.3475005626678467 0.06807137280702591 0.29016169905662537 0.1340385526418686
 0.5595188140869141 0.4353908598423004 0.35602301359176636 0.6174418926239014 0.3094799816608429 0.4301234483718872 0.2174045890569687 0.16517530381679535 0.2309960275888443 0.16489183902740479 0.2710322141647339 0.2815941870212555 0.19405525922775269 0.23307235538959503 0.41066405177116394 0.0
 0.2516753375530243 0.16958381235599518 0.26957085728645325 0.28714993596076965 0.24645105004310608 0.2862130403518677 0.334513396024704 0.06214161217212677 0.43185973167419434 0.2984042167663574 0.24381299316883087 0.7386581897735596 0.2774299383163452 0.19902628660202026 0.12239068746566772 0.07034634053707123
 0.34434887766838074 0.2257276028394699 0.07955905050039291 0.35502350330352783 0.02509654499590397 0.2719883620738983 0.19817154109477997 0.18768182396888733 0.3878941237926483 0.3570813536643982 0.05685554817318916 0.25402355194091797 0.1349547952413559 0.18282906711101532 0.19552606344223022 0.321325421333313
 0.35744234919548035 0.1595485508441925 0.5091966986656189 0.15682856738567352 0.13600218296051025 0.45450934767723083 0.2955288589000702 0.1497943103313446 0.25749096274375916 0.1545078307390213 0.28167256712913513 0.22881172597408295 0.5386819243431091 0.20059993863105774 0.30538710951805115 0.20059533417224884
 0.4483056664466858 0.2367139458656311 0.17500725388526917 0.08354804664850235 0.18301017582416534 0.31734687089920044 0.19360797107219696 0.29940104484558105 0.20374023914337158 0.3863554298877716 0.1244656890630722 0.2344292402267456 0.28424370288848877 0.19077308475971222 0.1230446845293045 0.3543928265571594
 0.2608969509601593 0.2118857204914093 0.09306855499744415 0.2261711210012436 0.18243299424648285 0.24211378395557404 0.34686580300331116 0.2614128589630127 0.17401422560214996 0.3924371302127838 0.18277707695960999 0.377677857875824 0.41496917605400085 0.13934919238090515 0.23673489689826965 0.29811593890190125
 0.24391262233257294 0.41797125339508057 0.4333532452583313 0.30586880445480347 0.31208154559135437 0.14930978417396545 0.4005562961101532 0.20893144607543945 0.09337952733039856 0.2600429952144623 0.026514990255236626 0.3984921872615814 0.3321109712123871 0.29034096002578735 0.18771827220916748 0.13049791753292084
 0.1488720327615738 0.32073089480400085 0.2719589173793793 0.24921868741512299 0.38736867904663086 0.404228538274765 0.2272217720746994 0.2432745099067688 0.055553827434778214 0.13052229583263397 0.5990924835205078 0.1873563677072525 0.27470290660858154 0.17521017789840698 0.3400927782058716 0.4227154552936554

>>>DATA
8 16 0.0 0.3692920207977295
 0.38319510221481323 0.14510071277618408 0.2931128740310669 0.22818176448345184 0.0906357690691948 0.25308141112327576 0.4883177578449249 0.40181413292884827 0.09307684004306793 0.5044329166412354 0.5300278067588806 0.2028639018535614 0.215551495552063 0.3798195719718933 0.4605117738246918 0.608674168586731
 0.38630369305610657 0.36348873376846313 0.47599712014198303 0.2174886167049408 0.427212119102478 0.23600821197032928 0.370807409286499 0.17280825972557068 0.29082775115966797 0.10586556047201157 0.30250585079193115 0.5758339166641235 0.42994818091392517 0.3531551957130432 0.31549620628356934 0.534731924533844
 0.2963019609451294 0.6238346695899963 0.1078549176454544 0.3530045747756958 0.7050131559371948 0.5263967514038086 0.7735303640365601 0.1362934559583664 0.33089059591293335 0.126988485455513 0.8105682134628296 0.2839980125427246 0.29866549372673035 0.3477228581905365 0.5042461156845093 0.4495532214641571
 0.2162703424692154 0.3344048857688904 0.130269393324852 0.5730099081993103 0.39112555980682373 0.34710708260536194 0.47255900502204895 0.37583792209625244 0.27030274271965027 1.0 0.3024829030036926 0.19376124441623688 0.34715208411216736 0.06321615725755692 0.406981885433197 0.23196792602539062
 0.2610383629798889 0.5691801905632019 0.21495568752288818 0.40421637892723083 0.23170563578605652 0.45181816816329956 0.42867639660835266 0.5321207642555237 0.7376298904418945 0.5563514232635498 0.5129354596138 0.5270683169364929 0.6839456558227539 0.3152145743370056 0.24991512298583984 0.7860173583030701
 0.32946985960006714 0.16105876863002777 0.5553120374679565 0.24641327559947968 0.1520860195159912 0.6210503578186035 0.07508376985788345 0.7450318932533264 0.38606616854667664 0.27320200204849243 0.3910682499408722 0.388523131608963 0.6902285218238831 0.2011379599571228 0.31419405341148376 0.726693868637085
 0.11355896294116974 0.363020658493042 0.25776034593582153 0.2104683518409729 0.18812693655490875 0.29300805926322937 0.20053277909755707 0.17127035558223724 0.37802842259407043 0.29196253418922424 0.3540807366371155 0.37009182572364807 0.4488793909549713 0.6204462051391602 0.29249319434165955 0.5650668144226074
 0.33931484818458557 0.27922365069389343 0.8595244884490967 0.38589853048324585 0.4379546046257019 0.34215015172958374 0.05133954435586929 0.3967849016189575 0.4092799425125122 0.2923830449581146 0.12884193658828735 0.10448002070188522 0.11720249801874161 0.6059769988059998 0.0 0.5126328468322754

>>>DATA
1 10 0.0 0.357273668050766
 0.13530473411083221 0.18845628201961517 0.3782961666584015 1.0 0.18391406536102295 0.711458683013916 0.05384979024529457 0.0 0.5819185972213745 0.3395383954048157

>>>DATA
1 10 0.0 0.2045765221118927
 0.0 0.0 0.07649333029985428 1.0 0.0 0.5713878273963928 0.0 0.0 0.3789631724357605 0.018920816481113434

